wav2019-03-16T19:53:37.857771304+08:00_8000HZ /export/maryland/binbinzhang/models/data/testset/wav0316/wav2019-03-16T19:53:37.857771304+08:00_8000HZ.wav
wav2019-03-16T20:15:58.469041305+08:00_8000HZ /export/maryland/binbinzhang/models/data/testset/wav0316/wav2019-03-16T20:15:58.469041305+08:00_8000HZ.wav
wav2019-03-16T20:18:47.380143301+08:00_8000HZ /export/maryland/binbinzhang/models/data/testset/wav0316/wav2019-03-16T20:18:47.380143301+08:00_8000HZ.wav
wav2019-03-16T20:20:16.6381254+08:00_8000HZ /export/maryland/binbinzhang/models/data/testset/wav0316/wav2019-03-16T20:20:16.6381254+08:00_8000HZ.wav
wav2019-03-16T20:35:26.677483669+08:00_8000HZ /export/maryland/binbinzhang/models/data/testset/wav0316/wav2019-03-16T20:35:26.677483669+08:00_8000HZ.wav
